Initial Probability:
0.019 0.019 0.019 0.019 0.019 0.019 0.019 0.019 0.019 0.019 
0.000 0.000 0.000 0.019 0.019 0.019 0.019 0.019 0.019 0.019 
0.019 0.000 0.019 0.019 0.019 0.019 0.000 0.000 0.019 0.019 
0.019 0.019 0.019 0.019 0.019 0.019 0.019 0.000 0.019 0.019 
0.019 0.019 0.019 0.019 0.019 0.019 0.019 0.019 0.019 0.019 
0.019 0.019 0.019 0.019 0.000 0.019 0.019 0.019 0.019 0.019 

Probability Update:
0.011 0.028 0.016 0.022 0.017 0.017 0.019 0.019 0.021 0.013 
0.000 0.000 0.000 0.017 0.023 0.024 0.018 0.018 0.026 0.021 
0.007 0.000 0.010 0.025 0.021 0.015 0.000 0.000 0.018 0.019 
0.030 0.017 0.025 0.019 0.021 0.025 0.010 0.000 0.018 0.019 
0.020 0.025 0.021 0.025 0.016 0.025 0.027 0.017 0.026 0.021 
0.013 0.020 0.020 0.012 0.000 0.012 0.020 0.019 0.020 0.013 

Probability Update:
0.014 0.019 0.020 0.019 0.018 0.018 0.018 0.019 0.019 0.014 
0.000 0.000 0.000 0.020 0.023 0.023 0.018 0.019 0.026 0.019 
0.010 0.000 0.013 0.021 0.022 0.018 0.000 0.000 0.019 0.019 
0.020 0.022 0.021 0.023 0.022 0.022 0.013 0.000 0.019 0.019 
0.022 0.026 0.025 0.021 0.018 0.023 0.024 0.020 0.025 0.019 
0.013 0.019 0.018 0.013 0.000 0.013 0.019 0.019 0.019 0.014 

Casper is most probably at (4,1)

Probability Update:
0.010 0.023 0.016 0.022 0.018 0.017 0.018 0.019 0.019 0.013 
0.000 0.000 0.000 0.018 0.024 0.024 0.018 0.019 0.026 0.019 
0.007 0.000 0.011 0.024 0.023 0.017 0.000 0.000 0.019 0.019 
0.024 0.019 0.025 0.021 0.023 0.023 0.012 0.000 0.019 0.019 
0.020 0.028 0.023 0.024 0.017 0.023 0.025 0.019 0.026 0.019 
0.014 0.019 0.019 0.011 0.000 0.012 0.019 0.019 0.019 0.013 

Bye Casper!
